Date/Time :  2018-02-14 13:58:07
J= 1.000000
Lattice Size= 55
temperature =  1.980000
No.of steps in production run =  1000000
