Date/Time :  2018-02-07 06:51:01
J= 1.000000
Lattice Size= 35
temperature =  1.500000
No.of steps in production run =  1000000
