Date/Time :  2018-02-14 14:36:25
J= 1.000000
Lattice Size= 55
temperature =  1.700000
No.of steps in production run =  1000000
