Date/Time :  2018-02-07 08:16:22
J= 1.000000
Lattice Size= 25
temperature =  0.500000
No.of steps in production run =  1000000
