Date/Time :  2018-02-07 07:47:22
J= 1.000000
Lattice Size= 85
temperature =  0.500000
No.of steps in production run =  1000000
